10,126
10,117
10,83
10,82
10,316
10,289
10,189
10,253
10,271
10,2
10,3
11,12
11,25
11,10
11,30
9,5
9,1
9,7
9,3
8,16
8,7
8,12
49,3
49,2
49,1
49,0
48,3
48,2
48,1
48,0
47,3
47,2
47,1
47,0
46,3
46,2
46,1
46,0
45,4
45,3
45,2
45,1
45,0
44,4
44,3
44,2
44,1
44,0
43,4
43,3
43,2
43,1
43,0
41,5
41,4
41,3
41,2
41,1
41,0
38,5
38,4
38,3
38,2
38,1
38,0
36,5
36,4
36,3
36,1
32,4
32,3
32,1
24,3
24,1
20,3
20,2
2,2
20,1
2,1
19,3
19,2
2,3
19,1
18,3
18,1
14,3
14,1
13,3
13,1
12,3
12,2
12,1
11,27
11,24
11,23
11,21
11,20
11,19
11,18
11,15
11,13
11,11
11,9
11,8
11,7
11,6
11,4
11,3
11,2
11,1
10,291
10,278
